6
10
33 49 8 32 41 47 12 15 47 51 25 68 1 17 3 36 44 44 17 43 
5
54
59
65
51
14

25
96 183 87 111 1 112 56 132 95 185 113 173 68 146 14 44 28 149 41 72 59 175 75 103 67 132 20 74 63 169 46 80 84 106 115 238 43 109 57 172 65 91 102 158 6 116 74 90 60 170 
25
148
199
87
85
112
99
143
40
210
147
182
138
113
79
179
104
63
120
227
135
154
240
127
170
155

50
1 500 500 500 101 228 75 163 88 193 142 301 52 191 111 232 125 170 228 367 155 196 50 182 44 99 137 222 103 336 134 348 96 176 3 177 127 160 238 312 6 88 1 162 137 162 20 152 238 458 8 75 227 445 103 255 88 99 178 236 211 395 116 175 238 404 10 144 197 215 189 431 212 386 175 310 158 277 42 201 54 176 188 367 74 189 154 255 203 229 51 192 141 314 71 318 48 102 100 284 
50
36
168
123
148
233
160
250
91
380
157
16
1
465
150
306
204
368
167
233
6
171
228
265
78
326
105
90
110
1
45
207
468
123
205
499
183
453
351
221
282
205
208
493
408
313
348
186
293
226
482

15
75 75 189 189 115 115 68 93 3 42 105 259 168 304 17 32 66 235 10 199 95 219 109 252 71 178 9 162 107 141 
8
75
316
4
160
328
175
85
115

20
84 283 134 341 45 70 95 235 44 141 94 270 23 42 73 221 23 97 73 248 183 300 233 350 67 208 117 304 71 108 121 254 186 273 236 336 150 260 200 330 
15
112
303
278
216
164
135
96
95
74
74
234
118
122
237
201

15
187 344 74 187 177 357 101 105 199 343 122 235 19 164 24 105 96 211 47 227 136 272 188 342 75 91 13 61 186 237 
8
187
8
174
17
43
320
371
263

