Case #1: Impossible
Case #2: Impossible
Case #3: Impossible
Case #4: Impossible
Case #5: 1
1 3 5
Case #6: Impossible
Case #7: Impossible
Case #8: Impossible
Case #9: Impossible
Case #10: Impossible
Case #11: Impossible
Case #12: Impossible
Case #13: Impossible
Case #14: Impossible
Case #15: Impossible
Case #16: Impossible
Case #17: Impossible
Case #18: Impossible
Case #19: Impossible
Case #20: Impossible
Case #21: Impossible
Case #22: Impossible
Case #23: Impossible
Case #24: Impossible
Case #25: Impossible
Case #26: Impossible
Case #27: Impossible
Case #28: Impossible
Case #29: Impossible
Case #30: Impossible
Case #31: Impossible
Case #32: Impossible
Case #33: Impossible
Case #34: Impossible
Case #35: Impossible
Case #36: Impossible
Case #37: Impossible
Case #38: Impossible
Case #39: Impossible
Case #40: 10
1 5 11
1 8 8
1 6 18
1 3 12
1 7 6
2 6 16
3 7 6
3 5 9
5 6 15
6 7 12
Case #41: Impossible
Case #42: Impossible
Case #43: Impossible
Case #44: Impossible
Case #45: Impossible
Case #46: Impossible
Case #47: Impossible
Case #48: Impossible
Case #49: Impossible
Case #50: Impossible
Case #51: Impossible
Case #52: Impossible
Case #53: Impossible
Case #54: Impossible
Case #55: Impossible
Case #56: Impossible
Case #57: Impossible
Case #58: Impossible
Case #59: Impossible
Case #60: Impossible
Case #61: Impossible
Case #62: Impossible
Case #63: Impossible
Case #64: Impossible
Case #65: Impossible
Case #66: Impossible
Case #67: Impossible
Case #68: Impossible
Case #69: Impossible
Case #70: Impossible
Case #71: Impossible
Case #72: Impossible
Case #73: Impossible
Case #74: Impossible
Case #75: Impossible
Case #76: Impossible
Case #77: Impossible
Case #78: Impossible
Case #79: Impossible
Case #80: Impossible
Case #81: Impossible
Case #82: Impossible
Case #83: Impossible
Case #84: Impossible
Case #85: 1
1 2 5
Case #86: Impossible
Case #87: Impossible
Case #88: Impossible
Case #89: Impossible
Case #90: Impossible
Case #91: Impossible
Case #92: Impossible
Case #93: Impossible
Case #94: Impossible
Case #95: Impossible
Case #96: Impossible
Case #97: Impossible
Case #98: Impossible
Case #99: 1
1 2 5
Case #100: Impossible
Case #101: Impossible
Case #102: Impossible
Case #103: Impossible
Case #104: Impossible
Case #105: Impossible
Case #106: Impossible
Case #107: Impossible
Case #108: Impossible
Case #109: Impossible
Case #110: 820
1 30 1848
1 21 212744
1 4 111595
1 24 79654
1 18 71455
1 27 22183
1 37 51114
1 16 110095
1 15 12752
1 9 33181
1 13 101569
1 41 104386
1 5 15104
1 3 113016
1 32 90261
1 8 8079
1 33 26153
1 28 143851
1 29 57996
1 25 107076
1 10 80592
1 14 27305
1 34 91958
1 20 109291
1 26 125426
1 39 20874
1 23 15257
1 35 132100
1 11 65266
1 2 53399
1 17 46195
1 12 35108
1 36 71716
1 38 110125
1 40 15686
1 6 30768
1 19 95819
1 22 46314
1 31 27007
1 7 64642
2 20 162690
2 15 40647
2 35 139700
2 29 78914
2 11 117828
2 28 171746
2 13 154968
2 40 69085
2 41 140497
2 37 104513
2 17 74090
2 4 107632
2 7 117204
2 24 126802
2 32 118156
2 18 99350
2 34 119853
2 26 133659
2 14 55200
2 33 79552
2 27 50078
2 25 134971
2 30 55247
2 31 80406
2 16 153207
2 38 138020
2 6 22631
2 9 61076
2 19 148381
2 5 42999
2 3 121249
2 10 133991
2 8 61478
2 22 74209
2 23 68656
2 12 63003
2 21 207608
2 36 73366
2 39 74273
3 8 117399
3 13 166640
3 29 171012
3 6 143784
3 19 199641
3 41 208208
3 28 256867
3 31 136327
3 16 193807
3 34 160295
3 7 168464
3 11 169088
3 33 88931
3 37 154936
3 5 128120
3 20 203047
3 12 148124
3 40 99398
3 14 140321
3 39 133890
3 4 174373
3 21 296456
3 27 135199
3 15 125768
3 38 217587
3 22 159330
3 9 146197
3 10 165162
3 32 157059
3 18 175865
3 24 192670
3 30 111168
3 25 207922
3 17 157815
3 23 99827
3 36 184732
3 35 206441
3 26 12410
4 35 32068
4 39 105657
4 22 157909
4 19 115368
4 34 156806
4 26 186783
4 6 130263
4 15 124347
4 40 95909
4 9 144776
4 37 111960
4 11 126112
4 18 160580
4 14 138900
4 21 212185
4 33 85442
4 36 180998
4 8 119674
4 13 151897
4 27 125608
4 41 106801
4 16 109536
4 31 138602
4 38 133316
4 25 110615
4 28 255446
4 30 113443
4 17 101596
4 12 146703
4 10 161673
4 5 126699
4 23 96338
4 20 170137
4 32 177972
4 29 140086
4 7 125488
4 24 164437
5 34 81558
5 31 42111
5 13 116673
5 26 140530
5 22 31210
5 15 2352
5 11 80370
5 25 91972
5 8 23183
5 12 24708
5 36 71103
5 40 30790
5 23 30361
5 17 31091
5 39 35978
5 7 79746
5 29 42892
5 20 124395
5 28 128747
5 14 12201
5 38 95021
5 35 147204
5 6 20368
5 37 66218
5 27 7079
5 18 56351
5 19 106065
5 33 41257
5 16 110208
5 32 75157
5 10 95696
5 21 203230
5 9 18077
5 24 90780
5 41 97498
5 30 16952
6 35 162331
6 23 46025
6 28 149115
6 34 97222
6 14 32569
6 10 111360
6 13 132337
6 32 95525
6 11 95197
6 27 27447
6 37 81882
6 38 115389
6 24 104171
6 33 56921
6 30 32616
6 25 112340
6 15 18016
6 9 38445
6 29 56283
6 21 223598
6 19 125750
6 18 76719
6 17 51459
6 40 46454
6 16 130576
6 26 156194
6 41 117866
6 8 38847
6 39 51642
6 7 94573
6 12 40372
6 36 50735
6 31 57775
6 22 51578
6 20 140059
7 23 79899
7 12 99750
7 40 80328
7 18 62148
7 22 110956
7 26 156054
7 36 136358
7 11 624
7 38 80404
7 33 90795
7 28 208493
7 10 50695
7 21 199960
7 39 85516
7 13 162515
7 16 97311
7 32 80954
7 30 62794
7 20 71705
7 41 39744
7 15 77394
7 34 156600
7 9 96447
7 29 122208
7 27 86825
7 8 69025
7 17 110837
7 37 13528
7 35 157556
7 24 74320
7 14 91947
7 19 31177
7 25 138947
7 31 87953
8 25 115155
8 31 31390
8 11 69649
8 10 88671
8 30 6231
8 19 100202
8 38 118204
8 33 34232
8 9 41260
8 35 140179
8 22 54393
8 28 151930
8 36 79795
8 15 20831
8 20 113674
8 23 23336
8 29 66075
8 14 35384
8 18 79534
8 17 54274
8 34 100037
8 39 28953
8 32 98340
8 16 118174
8 40 23765
8 24 87733
8 13 105952
8 27 30262
8 37 55497
8 21 220823
8 12 43187
8 26 129809
8 41 108769
9 40 48867
9 33 59334
9 41 115575
9 16 124200
9 14 30278
9 23 48438
9 20 108357
9 30 35029
9 10 113773
9 35 165281
9 36 76464
9 28 146824
9 13 134750
9 38 113098
9 31 60188
9 15 20429
9 26 158607
9 25 110049
9 21 221307
9 12 42785
9 34 99635
9 39 54055
9 27 25156
9 19 124142
9 18 38274
9 22 49287
9 37 84295
9 29 60969
9 17 49168
9 32 57080
9 11 97071
9 24 108857
10 15 93344
10 39 101466
10 34 147595
10 23 65335
10 19 80624
10 29 133363
10 38 129851
10 36 148762
10 13 142722
10 17 126787
10 40 65764
10 41 89191
10 33 76231
10 35 144355
10 31 107599
10 12 115700
10 32 131649
10 28 224443
10 21 250655
10 22 126906
10 24 85475
10 27 102775
10 16 148006
10 18 112843
10 14 107897
10 37 64223
10 11 50071
10 26 177572
10 30 82440
10 25 184004
10 20 122400
11 26 156678
11 33 91419
11 41 39120
11 20 72329
11 13 163139
11 12 100374
11 28 209117
11 21 200584
11 38 79780
11 39 86140
11 19 30553
11 29 122832
11 15 78018
11 31 88577
11 18 62772
11 14 92571
11 40 80952
11 17 111461
11 16 97935
11 24 74944
11 22 111580
11 35 158180
11 32 81578
11 25 138323
11 23 80523
11 34 157224
11 30 63418
11 27 87449
11 37 14152
11 36 136982
12 27 31787
12 30 36956
12 32 99865
12 13 104460
12 28 153455
12 26 160534
12 21 217839
12 22 55918
12 36 91107
12 15 22356
12 40 50794
12 34 91207
12 33 61261
12 38 108323
12 19 97192
12 20 144399
12 16 132103
12 14 36909
12 29 67600
12 18 81059
12 25 116680
12 39 55982
12 31 29898
12 35 166304
12 23 50365
12 41 105759
12 37 86222
12 17 55799
12 24 114486
13 32 191830
13 30 99721
13 31 74562
13 16 211664
13 21 208073
13 33 127722
13 19 183129
13 14 128874
13 23 116826
13 35 119829
13 37 148987
13 34 193527
13 18 173024
13 17 104611
13 25 41282
13 28 245420
13 39 122443
13 15 114321
13 36 173285
13 24 181223
13 38 204110
13 29 159565
13 41 174562
13 20 207164
13 22 147883
13 26 179050
13 40 117255
13 27 118140
14 40 42991
14 33 53458
14 26 138016
14 36 83304
14 30 29153
14 22 43411
14 15 14553
14 28 116546
14 25 104173
14 35 138709
14 39 48179
14 32 87358
14 16 122409
14 23 42562
14 19 118266
14 37 78419
14 27 19280
14 24 78579
14 31 54312
14 29 30691
14 41 109699
14 17 43292
14 18 68552
14 34 93759
14 38 107222
14 20 136596
14 21 215431
15 28 131099
15 41 99850
15 23 28009
15 37 63866
15 29 45244
15 39 33626
15 25 94324
15 24 92406
15 35 144852
15 38 97373
15 21 205582
15 40 28438
15 30 14600
15 22 33562
15 32 77509
15 34 79206
15 18 58703
15 16 112560
15 17 33443
15 36 68751
15 26 138178
15 31 39759
15 19 108417
15 20 122043
15 33 38905
15 27 9431
16 39 130969
16 33 104876
16 29 153100
16 26 183398
16 21 102649
16 19 128488
16 40 94409
16 24 171631
16 20 90347
16 27 117287
16 35 141604
16 41 131708
16 38 23780
16 25 202180
16 23 94838
16 36 132524
16 22 78998
16 34 176240
16 37 110839
16 31 137102
16 17 141299
16 30 111943
16 32 68436
16 28 160530
16 18 87242
17 38 126112
17 28 159838
17 21 220163
17 37 97309
17 35 133664
17 36 102194
17 34 112649
17 29 73983
17 20 155486
17 32 106248
17 18 87442
17 25 108905
17 30 48043
17 31 67590
17 40 61881
17 24 121871
17 23 61452
17 33 72348
17 22 62301
17 41 128589
17 19 137156
17 39 67069
17 26 145405
17 27 24012
18 26 163455
18 22 87561
18 40 87141
18 37 48620
18 33 97608
18 19 93325
18 34 137909
18 32 18806
18 31 98462
18 35 192648
18 30 73303
18 25 148323
18 23 86712
18 29 99243
18 20 106797
18 36 114738
18 38 109327
18 41 101892
18 28 185098
18 21 189891
18 39 92329
18 27 63430
18 24 109412
19 37 44705
19 33 121972
19 20 99051
19 23 111076
19 27 113144
19 26 187231
19 29 148957
19 39 110652
19 36 167535
19 31 108567
19 35 147436
19 34 131425
19 28 234812
19 22 137275
19 40 111505
19 21 231137
19 38 110333
19 25 168876
19 24 105497
19 30 93971
19 32 112131
19 41 8567
20 40 124977
20 39 130165
20 30 107443
20 25 210652
20 31 132602
20 24 118969
20 34 201249
20 37 58177
20 38 66567
20 21 192996
20 29 166857
20 23 124548
20 33 135444
20 22 130378
20 35 202205
20 32 125603
20 36 181007
20 26 200703
20 28 203317
20 27 131474
20 41 107618
21 36 228351
21 33 207525
21 40 197058
21 37 213488
21 30 214592
21 22 181647
21 25 166791
21 31 239729
21 32 171085
21 38 126429
21 34 278889
21 39 231120
21 35 244253
21 24 274280
21 41 234357
21 26 286047
21 23 197487
21 29 246122
21 28 263179
21 27 196151
22 26 171740
22 25 123182
22 39 67188
22 35 178414
22 29 74102
22 23 61571
22 28 159957
22 37 97428
22 40 62000
22 34 112768
22 36 102313
22 32 106367
22 38 63811
22 30 48162
22 24 121990
22 27 38289
22 41 128708
22 33 72467
22 31 73321
23 28 159108
23 25 122333
23 38 118618
23 39 36131
23 33 10896
23 26 112237
23 27 37440
23 30 17105
23 29 73253
23 32 105518
23 41 119643
23 24 94911
23 34 82260
23 36 86973
23 35 128406
23 37 66371
23 31 42264
23 40 429
24 33 105807
24 31 106661
24 35 155906
24 26 203318
24 39 58780
24 32 128218
24 41 114064
24 36 63287
24 27 97859
24 30 81502
24 40 95340
24 28 195125
24 38 154724
24 29 47888
24 34 122944
24 37 60792
24 25 182752
25 35 78547
25 41 177443
25 31 115844
25 26 220332
25 28 220719
25 39 127950
25 30 108924
25 34 173530
25 32 167129
25 36 163075
25 33 133229
25 40 122762
25 37 152475
25 27 84893
25 38 186993
25 29 134864
26 39 146300
26 38 207178
26 37 142526
26 33 101341
26 34 172705
26 41 195798
26 28 254562
26 35 218851
26 36 197142
26 29 168707
26 32 144649
26 31 148737
26 27 147609
26 30 123578
26 40 111808
27 31 43578
27 32 82236
27 37 73297
27 29 49971
27 38 102100
27 28 135826
27 30 24031
27 40 37869
27 41 104577
27 33 48336
27 36 78182
27 39 43057
27 35 154283
27 34 88637
28 38 136750
28 36 199850
28 39 164725
28 32 203904
28 31 170858
28 40 159537
28 29 147237
28 37 194965
28 30 145699
28 34 210305
28 35 255255
28 33 170004
28 41 226245
29 31 85003
29 37 108680
29 39 78870
29 41 140390
29 33 84149
29 32 118049
29 36 107018
29 38 137913
29 35 108018
29 40 73682
29 34 124450
29 30 59844
30 38 111973
30 31 25159
30 41 102538
30 34 93806
30 40 17534
30 36 73564
30 39 22722
30 33 28001
30 32 92109
30 37 49266
30 35 133948
31 34 118965
31 38 137132
31 39 47881
31 33 53160
31 41 100000
31 40 42693
31 32 117268
31 36 98723
31 37 74425
31 35 159107
32 34 156715
32 39 111135
32 41 120698
32 35 210040
32 33 116414
32 38 92216
32 40 105947
32 36 133544
32 37 67426
33 38 128656
33 36 97869
33 37 77267
33 40 10467
33 35 117510
33 34 71364
33 39 47027
33 41 130539
34 35 188874
34 38 176579
34 39 112832
34 40 81831
34 36 59657
34 37 143072
34 41 122858
35 41 138869
35 39 137725
35 37 144028
35 38 165384
35 36 203816
35 40 127977
36 41 168601
36 37 122830
36 40 87402
36 39 92590
36 38 156304
37 41 53272
37 40 66800
37 39 71988
37 38 93932
38 41 107928
38 39 130999
38 40 118189
39 40 36560
39 41 119219
40 41 120072
Case #111: Impossible
Case #112: Impossible
Case #113: Impossible
Case #114: Impossible
Case #115: Impossible
Case #116: Impossible
Case #117: Impossible
Case #118: Impossible
Case #119: Impossible
Case #120: Impossible
Case #121: Impossible
Case #122: Impossible
Case #123: Impossible
Case #124: Impossible
Case #125: Impossible
Case #126: Impossible
Case #127: Impossible
Case #128: Impossible
Case #129: Impossible
Case #130: Impossible
Case #131: Impossible
Case #132: Impossible
Case #133: Impossible
Case #134: Impossible
Case #135: Impossible
Case #136: Impossible
Case #137: Impossible
Case #138: Impossible
Case #139: Impossible
Case #140: Impossible
Case #141: Impossible
Case #142: Impossible
Case #143: Impossible
Case #144: Impossible
Case #145: Impossible
Case #146: Impossible
Case #147: Impossible
Case #148: Impossible
Case #149: Impossible
Case #150: Impossible
Case #151: Impossible
Case #152: Impossible
Case #153: Impossible
Case #154: Impossible
Case #155: Impossible
Case #156: Impossible
Case #157: Impossible
Case #158: Impossible
Case #159: Impossible
Case #160: Impossible
Case #161: Impossible
Case #162: 1
1 2 1000000
Case #163: Impossible
Case #164: Impossible
Case #165: Impossible
Case #166: Impossible
Case #167: Impossible
Case #168: Impossible
Case #169: Impossible
Case #170: Impossible
Case #171: Impossible
Case #172: Impossible
Case #173: Impossible
Case #174: Impossible
Case #175: Impossible
Case #176: Impossible
Case #177: Impossible
Case #178: Impossible
Case #179: Impossible
Case #180: Impossible
Case #181: Impossible
Case #182: Impossible
Case #183: Impossible
Case #184: Impossible
Case #185: Impossible
Case #186: Impossible
Case #187: Impossible
Case #188: Impossible
Case #189: Impossible
Case #190: Impossible
Case #191: Impossible
Case #192: Impossible
Case #193: Impossible
Case #194: Impossible
Case #195: Impossible
Case #196: Impossible
Case #197: Impossible
Case #198: Impossible
Case #199: Impossible
Case #200: Impossible
Case #201: Impossible
Case #202: Impossible
Case #203: Impossible
Case #204: Impossible
Case #205: Impossible
Case #206: Impossible
Case #207: Impossible
Case #208: Impossible
Case #209: Impossible
Case #210: Impossible
Case #211: Impossible
Case #212: Impossible
Case #213: Impossible
Case #214: Impossible
Case #215: Impossible
Case #216: Impossible
Case #217: Impossible
Case #218: Impossible
Case #219: Impossible
Case #220: 1
1 2 1000000
Case #221: Impossible
Case #222: Impossible
Case #223: Impossible
Case #224: Impossible
Case #225: Impossible
Case #226: Impossible
Case #227: Impossible
Case #228: Impossible
Case #229: Impossible
Case #230: Impossible
Case #231: Impossible
Case #232: Impossible
Case #233: Impossible
Case #234: Impossible
Case #235: Impossible
Case #236: Impossible
Case #237: Impossible
Case #238: Impossible
Case #239: Impossible
Case #240: Impossible
Case #241: Impossible
Case #242: Impossible
Case #243: Impossible
Case #244: Impossible
Case #245: Impossible
Case #246: Impossible
Case #247: Impossible
Case #248: Impossible
Case #249: Impossible
Case #250: Impossible
Case #251: Impossible
Case #252: Impossible
Case #253: Impossible
Case #254: Impossible
Case #255: Impossible
Case #256: Impossible
Case #257: Impossible
Case #258: Impossible
Case #259: Impossible
Case #260: Impossible
Case #261: Impossible
Case #262: Impossible
Case #263: Impossible
Case #264: Impossible
Case #265: Impossible
Case #266: Impossible
Case #267: Impossible
Case #268: Impossible
Case #269: Impossible
Case #270: Impossible
Case #271: Impossible
Case #272: Impossible
Case #273: Impossible
Case #274: Impossible
Case #275: Impossible
Case #276: Impossible
Case #277: Impossible
Case #278: Impossible
Case #279: Impossible
Case #280: Impossible
Case #281: Impossible
Case #282: Impossible
Case #283: Impossible
Case #284: Impossible
Case #285: Impossible
Case #286: Impossible
Case #287: Impossible
Case #288: Impossible
Case #289: Impossible
Case #290: Impossible
Case #291: Impossible
Case #292: Impossible
Case #293: Impossible
Case #294: Impossible
Case #295: Impossible
Case #296: Impossible
Case #297: Impossible
Case #298: Impossible
Case #299: Impossible
Case #300: Impossible
Case #301: Impossible
Case #302: Impossible
Case #303: Impossible
Case #304: Impossible
Case #305: Impossible
Case #306: Impossible
Case #307: Impossible
Case #308: Impossible
Case #309: Impossible
Case #310: Impossible
Case #311: Impossible
Case #312: Impossible
Case #313: Impossible
Case #314: Impossible
Case #315: Impossible
Case #316: Impossible
Case #317: Impossible
Case #318: Impossible
Case #319: 3
1 4 5
2 3 5
2 4 4
Case #320: Impossible
Case #321: Impossible
Case #322: Impossible
Case #323: Impossible
Case #324: Impossible
Case #325: Impossible
Case #326: Impossible
Case #327: Impossible
Case #328: Impossible
Case #329: Impossible
Case #330: Impossible
Case #331: Impossible
Case #332: Impossible
Case #333: Impossible
Case #334: Impossible
Case #335: Impossible
Case #336: Impossible
Case #337: Impossible
Case #338: Impossible
Case #339: Impossible
Case #340: Impossible
Case #341: Impossible
Case #342: Impossible
Case #343: Impossible
Case #344: Impossible
Case #345: Impossible
Case #346: Impossible
Case #347: Impossible
Case #348: Impossible
Case #349: Impossible
Case #350: Impossible
