100
100 1
100
10 3
20 3 15
826246 1
438882
743901 5
123617 852856 636733 639312 583550
6 5
59 314 731 845 139
443023 4
919479 84105 374557 428358
626313 5
46448 226279 103910 90226 67230
548638 5
264795 681926 832935 861108 914429
741736 1
253029
5 5
3 2 1 1 4
3 3
1 1 100
7 5
40 138 52 64 119
1 5
1 1 1 1 1
173623 2
166139 946492
6 5
4 4 4 4 1
3 4
2 2 2 3
408853 3
277308 983565 653766
239347 1
499968
781092 1
969223
324599 5
250852 564026 808691 896619 994736
11 5
5 5 5 5 10
775562 4
104124 759368 460303 994451
1000000 5
282544 981497 385426 93166 112498
541077 5
675920 179022 437695 502688 12002
869155 5
271758 931672 522921 406752 752321
11 5
10 5 5 5 5
9556 5
851547 747638 552187 484449 291026
426573 5
5047 78825 163298 344986 487562
377762 3
604295 501409 549754
1000000 5
210282 503438 80216 550743 64102
249814 5
463570 223 749781 30446 358339
841765 1
403442
805277 4
631222 903440 154563 444274
566549 1
562339
508880 5
799048 638872 606678 398857 4208
3 4
2 2 2 4
296701 5
782839 774473 660469 568746 342260
2 5
4 7 8 1 1
4 5
542 176 278 478 521
143710 2
240328 186924
842566 5
19062 21975 354834 415183 966757
303845 2
796991 867119
768615 2
517450 964982
295282 4
599744 374513 81833 160890
39356 3
716195 885610 446458
883879 5
962242 241408 994166 980848 160804
1000000 5
994806 116276 813560 620615 472647
8 5
9 118 199 357 65
3 5
1 1 2 2 2
935195 1
5910
486672 3
644021 809958 126640
489982 5
365337 32027 149434 378082 174951
438200 3
288207 446375 844951
963042 1
765952
850718 5
836711 824461 704365 548511 121528
988537 5
453753 104742 763010 796013 757828
118187 2
723259 538777
257732 2
779998 98333
10 5
5 5 5 5 10
222050 5
134354 51805 261187 323352 442
826769 5
961122 832980 798377 20839 1136
1000000 5
1000000 1000000 1000000 1000000 1000000
1 5
1000000 1000000 1000000 1000000 1000000
879929 5
465262 904021 94783 251411 534746
576206 3
817835 29256 571763
992551 4
342135 872920 360449 633160
1000000 1
999999
12444 5
661983 594334 63089 370204 81742
389991 5
4450 320860 396092 438002 594870
581863 3
682070 168389 373975
655640 4
408429 537948 650090 356536
872106 1
635706
1000000 5
795322 141648 541859 57965 212746
999314 5
13428 227406 605991 17635 891184
321359 4
178535 466565 188477 816566
1000000 1
1000000
530531 2
343311 973724
2 4
2 2 2 6
2 5
1 1 1 1 1
1000000 5
102127 719668 853935 360722 727427
173816 4
892832 999344 730695 57498
523116 4
110288 502255 919397 91901
1 5
429598 434201 578475 857425 915527
1000000 5
1 1 1 1 1
883836 2
349715 674151
551927 5
561464 125426 382709 775263 652475
3 5
864 566 865 915 895
551517 1
649062
841648 1
847759
974885 5
980161 13137 773261 580985 731066
99496 5
704596 275100 769069 542306 453635
903475 2
207686 945729
659964 5
11660 283976 328022 192113 190319
386982 3
311178 244914 341335
336556 5
147067 163195 458083 983777 383912
7 5
2 1 1 3 1
249682 5
47417 289376 43070 159914 248293
820650 2
162668 477128
247135 5
270200 561147 390844 26879 748070
648314 2
245181 519120
